x,y,CI_left,CI_right,x1,y1,c1,c2
1,0.03,0.008,0.1125,23,5.83,4.376,7.775
2,0.04,0.008,0.15,22,5.27,3.944,7.05
3,0.06,0.016,0.2,21,4.71,3.512,6.3125
4,0.09,0.032,0.2625,20,4.16,3.088,5.6
5,0.13,0.048,0.3375,19,3.63,2.68,4.9125
6,0.18,0.072,0.425,18,3.13,2.288,4.275
7,0.25,0.112,0.5375,17,2.66,1.92,3.687
8,0.33,0.168,0.675,16,2.24,1.584,3.1625
9,0.45,0.232,0.85,15,1.85,1.28,2.6875
10,0.59,0.328,1.05,14,1.52,1.016,2.2625
11,0.76,0.448,1.2875,13,1.22,0.792,1.8875
12,0.97,0.608,1.5625,12,0.97,0.608,1.5625
13,1.22,0.792,1.8875,11,0.76,0.448,1.2875
14,1.52,1.016,2.2625,10,0.59,0.328,1.05
15,1.85,1.28,2.6875,9,0.45,0.232,0.85
16,2.24,1.584,3.1625,8,0.33,0.168,0.675
17,2.66,1.92,3.6875,7,0.25,0.112,0.5375
18,3.13,2.288,4.275,6,0.18,0.072,0.425
19,3.63,2.68,4.9125,5,0.13,0.048,0.3375
20,4.16,3.088,5.6,4,0.09,0.032,0.2625
21,4.71,3.512,6.3125,3,0.06,0.016,0.2,21
22,5.27,3.944,7.05,2,0.04,0.008,0.15,22
23,5.83,4.376,7.775,1,0.03,0.008,0.1125
