date,temperature
20111001,62.7
20111002,59.9
20111003,59.1
20111004,58.8
20111005,58.7
20111006,57.0
20111007,56.7
20111008,56.8
20111009,56.7
20111010,60.1
20111011,61.1
20111012,61.5
20111013,64.3
20111014,67.1
20111015,64.6
20111016,61.6
20111017,61.1
20111018,59.2
20111019,58.9
20111020,57.2
20111021,56.4
20111022,60.7
20111023,65.1
20111024,60.9
20111025,56.1
20111026,54.6
20111027,56.1
20111028,58.1
20111029,57.5
20111030,57.7
20111031,55.1
20111101,57.9
20111102,64.6
20111103,56.2
20111104,50.5
20111105,51.3
20111106,52.6
20111107,51.4
20111108,50.6
20111109,54.6
20111110,55.6
20111111,53.9
